EventID,TrackID,First Daughter Theta,Second Daughter Theta,First Daughter Energy [eV],Second Daughter Energy [eV],Decay Branch,First Daughter Weight,Second Daughter Weight,Parent Weight,Number of Outgoing Tracks,Parent Energy [eV]
0,903,0.681537,0.62899,0.00113501,0.000729229,1,2,0.00186424
0.731869,1.15614,0.00111119,0.000811319,1,2,0.00192251
1.12058,0.758426,0.00067034,0.000877523,1,2,0.00154786
1.55523,0.497332,0.000623785,0.00130734,1,2,0.00193113
0.646968,0.642169,0.00120986,0.000730565,1,2,0.00194042
1.29756,0.636938,0.000652815,0.00105693,1,2,0.00170975
1.40032,0.576879,0.000710992,0.00128469,1,2,0.00199568
1.94064,0.339129,0.000532035,0.00149117,1,2,0.0020232
0.788571,1.0821,0.0010468,0.000840985,1,2,0.00188778
1.52113,0.513856,0.000708089,0.00143878,1,2,0.00214687
0.92827,0.926321,0.000924373,0.000925725,1,2,0.0018501
1.09416,0.778958,0.000836877,0.00105845,1,2,0.00189533
1.24293,0.671753,0.000836353,0.00127226,1,2,0.00210861
0.794181,1.07515,0.00084166,0.000682476,1,2,0.00152414
0.729488,1.15941,0.00101362,0.000737064,1,2,0.00175069
0.996738,0.861289,0.000998121,0.00110471,1,2,0.00210283
0.679525,1.23118,0.000930852,0.000620405,1,2,0.00155126
1.02533,0.83597,0.000955273,0.00110068,1,2,0.00205596
1.29447,0.424442,0.000868756,0.00121774,1,2,0.00208649
0.600655,1.35829,0.00134851,0.000779693,1,2,0.0021282
0.755225,1.12478,0.00118823,0.00090279,1,2,0.00209102
0.838372,1.02257,0.00109635,0.00095518,1,2,0.00205153
0.904687,0.950294,0.00100546,0.00097165,1,2,0.00197711
0.68008,1.23035,0.00120556,0.000804286,1,2,0.00200985
0.693176,1.21095,0.00117351,0.00080117,1,2,0.00197468
0.568215,0.672926,0.00137372,0.00071163,1,2,0.00208535
0.686958,0.626941,0.00103253,0.000669694,1,2,0.00170222
1.17672,0.717029,0.00082292,0.00115628,1,2,0.0019792
0.953918,0.531651,0.000990385,0.00095611,1,2,0.0019465
1.24257,0.671988,0.000594089,0.000903348,1,2,0.00149744
0.283817,0.792905,0.0015906,0.000375132,1,2,0.00196573
1.04581,0.501246,0.00092997,0.00100483,1,2,0.0019348
0.662844,1.25658,0.00104028,0.000673105,1,2,0.00171339
1.52518,0.511869,0.000677557,0.00138187,1,2,0.00205943
0.436826,1.68951,0.00139362,0.000593771,1,2,0.00198739
1.01222,0.847457,0.00094646,0.00107071,1,2,0.00201717
0.586312,0.665767,0.00138578,0.000744815,1,2,0.00213059
0.905327,0.949631,0.000961509,0.000930088,1,2,0.0018916
0.221075,0.821327,0.00141754,0.000254767,1,2,0.00167231
0.956761,0.898466,0.000911203,0.000951917,1,2,0.00186312
0.858692,0.999619,0.00110251,0.000992061,1,2,0.00209457
0.77491,1.0993,0.000867024,0.00068091,1,2,0.00154793
0.568347,0.672874,0.00120023,0.000621928,1,2,0.00182216
0.970994,0.884983,0.00102003,0.00108797,1,2,0.002108
0.616975,1.33048,0.00120127,0.000715583,1,2,0.00191685
0.541805,1.4658,0.0011784,0.000611045,1,2,0.00178944
0.715983,1.1782,0.000890585,0.000632679,1,2,0.00152326
1.11696,0.761198,0.00074397,0.000969366,1,2,0.00171334
1.09383,0.779216,0.000949765,0.00120071,1,2,0.00215047
1.50427,0.522219,0.000669741,0.00133972,1,2,0.00200946
0.747698,1.13475,0.0011046,0.000828607,1,2,0.0019332
1.24446,0.439286,0.000699088,0.000934214,1,2,0.0016333
0.61045,0.656303,0.00126475,0.000712892,1,2,0.00197764
0.528872,1.49105,0.00140923,0.000713307,1,2,0.00212254
0.975004,0.881234,0.000851314,0.000913304,1,2,0.00176462
0.237882,0.813643,0.00136911,0.000266339,1,2,0.00163545
0.385387,1.81617,0.00141261,0.000547421,1,2,0.00196003
0.691424,1.21352,0.0012124,0.000825175,1,2,0.00203757
1.20181,0.699447,0.000831225,0.00120423,1,2,0.00203546
0.781303,0.592026,0.000986371,0.000746832,1,2,0.0017332
0.282719,0.793396,0.00165085,0.000387687,1,2,0.00203853
0.837423,1.02366,0.000796454,0.000692846,1,2,0.0014893
0.781911,1.09043,0.00100459,0.000798206,1,2,0.0018028
0.314171,0.779412,0.00158794,0.000418903,1,2,0.00200684
1.09133,0.781199,0.000702612,0.000885326,1,2,0.00158794
0.401443,0.741548,0.00155632,0.000540215,1,2,0.00209654
0.348791,0.764228,0.00120056,0.000355766,1,2,0.00155632
0.99479,0.517985,0.00105664,0.00107383,1,2,0.00213047
0.689853,0.625849,0.000886808,0.000578081,1,2,0.00146489
1.4698,0.539737,0.000717602,0.00138924,1,2,0.00210684
0.904592,0.950392,0.00105896,0.0010232,1,2,0.00208216
0.410668,0.737625,0.00122327,0.000435686,1,2,0.00165895
0.517888,0.693128,0.00132646,0.000616634,1,2,0.0019431
0.779917,1.09295,0.000991826,0.000785455,1,2,0.00177728
1.38427,0.585833,0.000600503,0.00106727,1,2,0.00166777
0.380235,1.82953,0.00116999,0.000449178,1,2,0.00161916
0.953093,0.901987,0.000820186,0.000852229,1,2,0.00167242
1.36586,0.596292,0.000618136,0.00107768,1,2,0.00169581
0.839165,1.02166,0.00108018,0.000942287,1,2,0.00202247
1.13151,0.750135,0.000870419,0.00115554,1,2,0.00202596
0.611196,1.34023,0.000918377,0.000541333,1,2,0.00145971
0.895904,0.551455,0.000970033,0.000867346,1,2,0.00183738
0.577361,0.669301,0.00130326,0.000687904,1,2,0.00199116
0.787484,1.08345,0.000951255,0.000762852,1,2,0.00171411
0.385213,1.81662,0.00119463,0.000462804,1,2,0.00165744
0.863682,0.994095,0.000902662,0.000818642,1,2,0.0017213
0.680031,1.23042,0.00116012,0.0007739,1,2,0.00193402
0.728691,1.1605,0.00104566,0.000759317,1,2,0.00180497
0.84832,0.568062,0.000813824,0.000680863,1,2,0.00149469
1.06816,0.799869,0.000939186,0.00114745,1,2,0.00208664
0.751393,1.12984,0.00105012,0.000792699,1,2,0.00184282
0.770248,1.10525,0.00117631,0.000916634,1,2,0.00209295
0.283349,0.793114,0.00117408,0.000276396,1,2,0.00145048
0.0941073,0.881071,0.00179542,0.000131222,1,2,0.00192664
0.580589,1.39364,0.00130405,0.000726668,1,2,0.00203072
0.320489,0.776625,0.00160221,0.000432097,1,2,0.0020343
1.21915,0.687604,0.000793778,0.00117413,1,2,0.0019679
0.41349,0.736428,0.00124045,0.000445253,1,2,0.0016857
0.215669,0.82381,0.00149713,0.00026199,1,2,0.00175912
0.68857,0.626332,0.000929146,0.000604334,1,2,0.00153348
1.01473,0.845237,0.000834929,0.000947883,1,2,0.00178281
0.894516,0.9609,0.000829729,0.000789441,1,2,0.00161917
1.39402,0.580378,0.000662612,0.00118956,1,2,0.00185218
0.519642,0.692417,0.00104647,0.000488391,1,2,0.00153486
1.0714,0.797229,0.000785619,0.000964006,1,2,0.00174963
0.601453,1.35691,0.00131084,0.000759021,1,2,0.00206986
0.333195,0.771042,0.00137036,0.000385885,1,2,0.00175624
0.351173,0.763192,0.0013762,0.00041093,1,2,0.00178713
1.33618,0.613589,0.000696891,0.00117713,1,2,0.00187402
1.48867,0.530076,0.000601228,0.00118513,1,2,0.00178636
1.0655,0.802056,0.000694409,0.000845352,1,2,0.00153976
1.49423,0.527264,0.00062727,0.00124298,1,2,0.00187025
1.90112,0.353408,0.000474943,0.00129809,1,2,0.00177303
0.512418,0.69535,0.00141936,0.000651734,1,2,0.0020711
1.00278,0.855855,0.000786143,0.000877587,1,2,0.00166373
1.32568,0.619838,0.000800337,0.00133657,1,2,0.0021369
1.71859,0.424576,0.000475499,0.00114172,1,2,0.00161722
0.703693,0.620645,0.000959973,0.000640834,1,2,0.00160081
0.483275,0.707274,0.00142764,0.000612591,1,2,0.00204023
0.783286,1.0887,0.000883933,0.000703944,1,2,0.00158788
0.789553,0.589039,0.00108144,0.000829281,1,2,0.00191072
0.575665,0.669972,0.00119674,0.000629504,1,2,0.00182625
0.667833,1.24891,0.00125285,0.000817878,1,2,0.00207073
0.768583,0.596652,0.00105583,0.00078372,1,2,0.00183954
0.998557,0.859647,0.00093173,0.0010339,1,2,0.00196563
0.937559,0.91711,0.000903653,0.000917619,1,2,0.00182127
1.40678,0.573313,0.00071625,0.00130275,1,2,0.002019
0.692232,1.21233,0.0012392,0.000844616,1,2,0.00208382
1.6329,0.461505,0.000493886,0.00110698,1,2,0.00160087
0.236778,0.814146,0.00165045,0.000319457,1,2,0.00196991
0.786811,1.08429,0.000942961,0.000755359,1,2,0.00169832
0.859703,0.998496,0.0010682,0.00096272,1,2,0.00203092
0.924309,0.930288,0.000898757,0.000894736,1,2,0.00179349
0.148594,0.855066,0.00155575,0.000183133,1,2,0.00173888
0.737775,0.607961,0.0010856,0.000767046,1,2,0.00185265
0.736278,0.608514,0.000935168,0.000659144,1,2,0.00159431
0.351071,0.763236,0.00123113,0.000367492,1,2,0.00159862
0.812612,1.05276,0.000818422,0.00068399,1,2,0.00150241
0.665189,1.25297,0.000989898,0.000643186,1,2,0.00163308
0.748172,1.13412,0.00119416,0.000896515,1,2,0.00209068
0.445024,0.723148,0.00132435,0.000516907,1,2,0.00184125
2.09615,0.218506,0.0005523,0.00132255,1,2,0.00187485
0.253891,0.806371,0.00171704,0.000358507,1,2,0.00207555
0.895749,0.959606,0.000879069,0.000837971,1,2,0.00171704
1.13702,0.745994,0.000908419,0.0012145,1,2,0.00212292
0.9007,0.954431,0.000977186,0.000938597,1,2,0.00191578
0.698497,0.622595,0.00126066,0.000834119,1,2,0.00209478
0.425381,1.71666,0.00113431,0.000473116,1,2,0.00160742
1.03887,0.824331,0.000803603,0.000943434,1,2,0.00174704
0.682942,1.22607,0.00122034,0.000818268,1,2,0.00203861
0.614971,0.654541,0.00130462,0.000741806,1,2,0.00204642
0.278207,0.795417,0.00131994,0.000304553,1,2,0.00162449
1.38685,0.584385,0.000665931,0.00118672,1,2,0.00185265
0.576259,1.40144,0.000952153,0.000526349,1,2,0.0014785
0.61086,1.3408,0.00116605,0.000686904,1,2,0.00185296
1.88614,0.358916,0.000489949,0.00132606,1,2,0.001816
1.34358,0.609224,0.000612293,0.00104251,1,2,0.0016548
0.630958,1.3073,0.00132679,0.000810676,1,2,0.00213746
0.891838,0.963721,0.00104776,0.000992788,1,2,0.00204055
0.910623,0.944178,0.00102554,0.00100006,1,2,0.0020256
0.87758,0.978936,0.000795906,0.000737683,1,2,0.00153359
0.856822,1.0017,0.00102591,0.000920418,1,2,0.00194633
1.02869,0.83306,0.00092457,0.00107029,1,2,0.00199486
0.775331,0.594195,0.000854948,0.000641348,1,2,0.0014963
1.14561,0.739605,0.000839832,0.0011351,1,2,0.00197494
0.377516,0.751793,0.00154712,0.000501024,1,2,0.00204815
0.699551,1.20166,0.000915254,0.000631871,1,2,0.00154712
1.02172,0.839109,0.0008829,0.00101219,1,2,0.00189509
0.689226,1.21675,0.000949535,0.000643776,1,2,0.00159331
0.521112,0.691821,0.00119992,0.000561846,1,2,0.00176177
0.64828,1.27939,0.00113927,0.000718188,1,2,0.00185746
1.22007,0.686979,0.000599053,0.000887073,1,2,0.00148613
1.4277,0.561935,0.000685004,0.00127247,1,2,0.00195747
0.797246,1.07138,0.00108995,0.000888281,1,2,0.00197823
1.01483,0.845146,0.000839725,0.000953466,1,2,0.00179319
0.538284,1.47261,0.00134494,0.000692838,1,2,0.00203778
0.934573,0.920057,0.000927615,0.000937769,1,2,0.00186538
0.400779,1.777,0.00143625,0.000572461,1,2,0.00200871
0.615687,0.654263,0.00121525,0.000691941,1,2,0.00190719
1.57431,0.488305,0.000566218,0.00120695,1,2,0.00177316
1.0859,0.785523,0.000951697,0.0011906,1,2,0.0021423
1.07813,0.791765,0.000678542,0.000840151,1,2,0.00151869
0.957232,0.898016,0.000813569,0.000850507,1,2,0.00166408
0.514095,1.52065,0.001357,0.000668139,1,2,0.00202514
0.379652,0.750874,0.00130589,0.000425597,1,2,0.00173149
1.17134,0.720877,0.000873071,0.00121861,1,2,0.00209168
0.414868,0.735844,0.00126665,0.00045638,1,2,0.00172303
0.333731,0.770807,0.00153804,0.000433879,1,2,0.00197192
1.02931,0.832525,0.000712515,0.000825525,1,2,0.00153804
0.141926,0.858218,0.00133314,0.000149527,1,2,0.00148267
0.50795,0.697168,0.00128002,0.000581809,1,2,0.00186183
0.503419,1.54255,0.00129566,0.000625308,1,2,0.00192097
0.782705,1.08943,0.000917706,0.000730135,1,2,0.00164784
0.70671,1.19136,0.0009899,0.000691998,1,2,0.0016819
1.19512,0.704082,0.000731759,0.00105158,1,2,0.00178334
0.267753,0.800113,0.00162951,0.000360545,1,2,0.00199006
0.900738,0.954392,0.000831145,0.000798369,1,2,0.00162951
0.915816,0.938874,0.000931537,0.000915567,1,2,0.0018471
1.10622,0.769499,0.000841595,0.00108138,1,2,0.00192297
0.629259,1.31008,0.00128176,0.000780757,1,2,0.00206251
1.20789,0.695269,0.00077729,0.00113436,1,2,0.00191165
1.20333,0.698397,0.000875265,0.00127037,1,2,0.00214563
1.29218,0.640276,0.000678444,0.00109183,1,2,0.00177028
0.756813,1.12269,0.0008265,0.000629646,1,2,0.00145615
0.507716,1.53368,0.00118444,0.000576251,1,2,0.00176069
0.760766,1.11752,0.000866182,0.000664295,1,2,0.00153048
1.07817,0.791733,0.000867452,0.00107411,1,2,0.00194156
1.10808,0.768051,0.00071935,0.000926548,1,2,0.0016459
0.7525,0.602537,0.00117388,0.000849403,1,2,0.00202329
0.624778,1.31747,0.00116686,0.000705016,1,2,0.00187187
0.530727,1.48739,0.00104731,0.000531958,1,2,0.00157927
0.127125,0.865246,0.00187455,0.000187318,1,2,0.00206187
0.888942,0.553864,0.00110676,0.000980224,1,2,0.00208698
0.522369,1.50397,0.00117292,0.000586518,1,2,0.00175943
1.52653,0.511207,0.000577694,0.00117967,1,2,0.00175736
0.929206,0.925387,0.000954646,0.000957384,1,2,0.00191203
1.09546,0.777931,0.000874967,0.00110852,1,2,0.00198349
0.724029,1.16695,0.000933259,0.00067228,1,2,0.00160554
0.462527,0.715853,0.00106139,0.000433001,1,2,0.00149439
1.06164,0.805231,0.000829243,0.00100426,1,2,0.0018335
1.06043,0.806234,0.000903528,0.00109242,1,2,0.00199595
0.821418,0.5776,0.000923154,0.000742675,1,2,0.00166583
0.942225,0.912531,0.000739672,0.00075633,1,2,0.001496
0.702238,1.19778,0.00106495,0.000738676,1,2,0.00180362
1.09119,0.781307,0.000906308,0.00114179,1,2,0.0020481
0.792864,0.587843,0.00120985,0.00093246,1,2,0.00214231
1.75604,0.409201,0.000544865,0.001346,1,2,0.00189087
0.471552,0.712112,0.00106205,0.000443006,1,2,0.00150506
1.19772,0.702275,0.000668739,0.000964056,1,2,0.00163279
0.878169,0.9783,0.000888507,0.000824267,1,2,0.00171277
0.741529,1.14302,0.00085072,0.000631495,1,2,0.00148221
0.915679,0.939013,0.000791774,0.000778039,1,2,0.00156981
0.460346,0.716759,0.00143402,0.000581854,1,2,0.00201588
1.07342,0.795586,0.000735172,0.000904547,1,2,0.00163972
1.08104,0.789423,0.000951795,0.00118306,1,2,0.00213485
0.662832,1.2566,0.00110413,0.000714404,1,2,0.00181854
0.510901,0.695967,0.00132066,0.000604331,1,2,0.00192499
1.07377,0.795294,0.000740956,0.000912103,1,2,0.00165306
1.00291,0.855739,0.000858771,0.00095884,1,2,0.00181761
0.532122,1.48465,0.00127062,0.000647063,1,2,0.00191768
1.08462,0.786547,0.000864682,0.00107991,1,2,0.00194459
1.39044,0.582374,0.00057653,0.00103122,1,2,0.00160775
0.451947,1.65451,0.00100692,0.000441285,1,2,0.0014482
0.612233,0.655608,0.00137309,0.000776633,1,2,0.00214973
0.752888,0.602395,0.00103435,0.000748904,1,2,0.00178325
1.20612,0.69648,0.000677576,0.000986745,1,2,0.00166432
0.575788,0.669923,0.00122582,0.000644958,1,2,0.00187077
0.13763,0.860254,0.00176773,0.00019197,1,2,0.0019597
1.04889,0.815855,0.000676659,0.000805389,1,2,0.00148205
1.03271,0.829602,0.000816474,0.00095043,1,2,0.0017669
0.853482,1.00543,0.000984185,0.00087833,1,2,0.00186252
2.82994,0.0625728,0.000490982,0.00144454,1,2,0.00193552
1.716,0.425657,0.000475684,0.00113988,1,2,0.00161556
0.560517,0.675988,0.0011145,0.00056819,1,2,0.00168269
0.952475,0.902582,0.000766776,0.000796008,1,2,0.00156278
1.453,0.548485,0.000615631,0.00117256,1,2,0.00178819
1.28414,0.645295,0.00074982,0.00119584,1,2,0.00194566
1.06679,0.800994,0.000895866,0.0010925,1,2,0.00198837
0.412094,1.74891,0.00132363,0.000538675,1,2,0.00186231
0.783328,1.08865,0.00105998,0.000844202,1,2,0.00190418
0.907445,0.947446,0.000938506,0.000910771,1,2,0.00184928
0.598374,1.36224,0.0012855,0.000740161,1,2,0.00202566
0.47577,0.710368,0.00136639,0.000575823,1,2,0.00194221
0.579306,0.668532,0.00118607,0.000628527,1,2,0.0018146
0.619226,1.32671,0.001145,0.000684863,1,2,0.00182986
0.502075,0.699565,0.00121507,0.000544894,1,2,0.00175997
1.04661,0.81777,0.000720405,0.000854795,1,2,0.0015752
0.464012,1.62729,0.00141895,0.000636049,1,2,0.002055
0.212685,0.825183,0.00143746,0.000247806,1,2,0.00168526
0.393318,1.79585,0.00113937,0.000447966,1,2,0.00158733
0.469997,1.61402,0.00132991,0.000602859,1,2,0.00193277
0.524346,0.690512,0.00132395,0.000624396,1,2,0.00194834
2.70151,0.111714,0.000408372,0.00156053,1,2,0.0019689
0.72643,1.16362,0.000905525,0.000655005,1,2,0.00156053
2,0.0155271,1,2,0.0350433
0.925841,0.541175,0.010108,0.00940817,1,2,0.0195162
0.650662,1.27562,0.0061895,0.00391853,1,2,0.010108
0.649371,1.27766,0.0379747,0.0239859,1,2,0.0619606
0.728453,1.16083,0.0138979,0.010088,1,2,0.0239859
1.93302,0.341857,0.016351,0.0456096,1,2,0.0619606
0.603291,1.35374,0.0391911,0.0227695,1,2,0.0619606
0.390381,1.80334,0.0445418,0.0174188,1,2,0.0619606
0.715755,1.17852,0.0260459,0.0184959,1,2,0.0445418
0.840478,0.570831,0.0142543,0.0117916,1,2,0.0260459
1.33041,0.617017,0.0231317,0.0388289,1,2,0.0619606
1.12601,0.75429,0.0267273,0.0352333,1,2,0.0619606
0.695475,1.20758,0.0367616,0.025199,1,2,0.0619606
0.754774,0.601703,0.0358938,0.0260668,1,2,0.0619606
0.611647,1.33947,0.0163949,0.00967188,1,2,0.0260668
0.821994,1.04162,0.0335181,0.0284425,1,2,0.0619606
0.957556,0.897706,0.0139022,0.0145403,1,2,0.0284425
0.50611,1.53699,0.0093614,0.0045408,1,2,0.0139022
1.03439,0.828157,0.00671056,0.00782974,1,2,0.0145403
0.74551,0.605107,0.00456414,0.00326561,1,2,0.00782974
1.64916,0.454298,0.0189379,0.0430227,1,2,0.0619606
1.5115,0.51862,0.00628356,0.0126543,1,2,0.0189379
1.14478,0.740218,0.0263643,0.0355963,1,2,0.0619606
1.23686,0.675757,0.0141793,0.021417,1,2,0.0355963
0.846172,1.01367,0.0075336,0.00664575,1,2,0.0141793
0.0938698,0.881186,0.0577508,0.00420983,1,2,0.0619606
0.721743,0.613904,0.0342096,0.0235412,1,2,0.0577508
0.529209,1.49038,0.0156266,0.00791466,1,2,0.0235412
0.517036,0.693473,0.0423233,0.0196373,1,2,0.0619606
0.708009,1.1895,0.0248867,0.0174366,1,2,0.0423233
0.576272,1.40142,0.0112291,0.00620757,1,2,0.0174366
1.77822,0.400295,0.00319813,0.00803094,1,2,0.0112291
0.411748,0.737167,0.0456523,0.0163083,1,2,0.0619606
0.233179,0.815788,0.0383512,0.00730109,1,2,0.0456523
0.496653,1.55666,0.0259738,0.0123774,1,2,0.0383512
0.926929,0.927661,0.0129905,0.0129833,1,2,0.0259738
0.954661,0.90048,0.00636331,0.00662716,1,2,0.0129905
0.844465,1.01561,0.00867579,0.00763256,1,2,0.0163083
1.29135,0.640793,0.0237595,0.0382011,1,2,0.0619606
0.77955,1.09341,0.034587,0.0273736,1,2,0.0619606
1.32176,0.622196,0.0129887,0.0215983,1,2,0.034587
0.426536,0.730913,0.0157439,0.00585445,1,2,0.0215983
0.380329,0.750583,0.0118682,0.00387569,1,2,0.0157439
0.918608,0.543647,0.00617529,0.0056929,1,2,0.0118682
0.609966,1.34232,0.039015,0.0229456,1,2,0.0619606
0.889362,0.96634,0.0200702,0.0189447,1,2,0.039015
1.12425,0.755631,0.00818253,0.0107622,1,2,0.0189447
1.67058,0.444953,0.0187092,0.0432515,1,2,0.0619606
0.753257,1.12737,0.0246131,0.0186384,1,2,0.0432515
0.641289,1.29055,0.038188,0.0237726,1,2,0.0619606
0.916144,0.93854,0.0312405,0.0307201,1,2,0.0619606
0.805179,1.0617,0.0339388,0.0280218,1,2,0.0619606
1.53773,0.505749,0.00914846,0.0188734,1,2,0.0280218
0.464826,0.714898,0.0133827,0.00549074,1,2,0.0188734
0.653795,1.27068,0.037858,0.0241027,1,2,0.0619606
0.902142,0.549302,0.0325809,0.0293797,1,2,0.0619606
0.603224,0.659126,0.0398258,0.0221348,1,2,0.0619606
0.226214,0.818972,0.03363,0.00619584,1,2,0.0398258
0.885299,0.970657,0.0173528,0.0162772,1,2,0.03363
1.47904,0.534985,0.00587594,0.0114768,1,2,0.0173528
0.612134,0.655646,0.00733111,0.00414574,1,2,0.0114768
1.00736,0.851768,0.0291776,0.032783,1,2,0.0619606
0.895962,0.959383,0.0317168,0.0302438,1,2,0.0619606
1.12727,0.753335,0.0267027,0.0352579,1,2,0.0619606
1.27317,0.652213,0.0103694,0.0163333,1,2,0.0267027
1.24147,0.440182,0.0070027,0.00933065,1,2,0.0163333
0.965322,0.890323,0.0171335,0.0181245,1,2,0.0352579
0.851238,1.00795,0.0327959,0.0291647,1,2,0.0619606
0.786123,1.08515,0.03442,0.0275407,1,2,0.0619606
0.758374,1.12065,0.0351284,0.0268322,1,2,0.0619606
0.604493,1.35167,0.0222013,0.0129271,1,2,0.0351284
2.03207,0.307394,0.00560703,0.0165943,1,2,0.0222013
1.10134,0.773304,0.00728856,0.00930569,1,2,0.0165943
0.723442,0.613273,0.00431252,0.00297604,1,2,0.00728856
0.456285,0.718448,0.0442056,0.017755,1,2,0.0619606
0.78644,1.08475,0.0245511,0.0196545,1,2,0.0442056
0.427314,0.730585,0.0178862,0.0066649,1,2,0.0245511
1.14299,0.741551,0.00762054,0.0102657,1,2,0.0178862
0.447542,1.66461,0.0123757,0.00537926,1,2,0.017755
0.713001,1.1824,0.00725107,0.00512465,1,2,0.0123757
1.12372,0.756028,0.026772,0.0351887,1,2,0.0619606
0.798162,0.585933,0.0348688,0.0270918,1,2,0.0619606
0.336386,0.769644,0.0455395,0.0129605,1,2,0.0585
0.592437,0.663356,0.0294928,0.0160467,1,2,0.0455395
0.735579,1.15107,0.0170007,0.0124921,1,2,0.0294928
0.323155,0.775451,0.0459841,0.0125159,1,2,0.0585
0.730688,1.15776,0.026601,0.0193831,1,2,0.0459841
0.396266,0.743756,0.0144429,0.00494016,1,2,0.0193831
1.09965,0.774629,0.00635152,0.00809138,1,2,0.0144429
1.03242,0.505607,0.00307794,0.00327358,1,2,0.00635152
0.992213,0.86539,0.0278614,0.0306386,1,2,0.0585
0.725679,1.16466,0.0177882,0.0128504,1,2,0.0306386
1.33818,0.612406,0.0217249,0.0367751,1,2,0.0585
1.03436,0.828179,0.0269991,0.0315009,1,2,0.0585
0.746764,1.136,0.0154373,0.0115618,1,2,0.0269991
0.595655,1.36697,0.0378826,0.0217033,1,2,0.059586
0.41507,0.735759,0.0159524,0.00575092,1,2,0.0217033
1.2402,0.673545,0.0236794,0.0359066,1,2,0.059586
0.983732,0.87315,0.0285592,0.0310268,1,2,0.059586
0.486948,1.57721,0.0194553,0.00910392,1,2,0.0285592
0.981768,0.87496,0.0148928,0.016134,1,2,0.0310268
0.50438,0.698624,0.0111205,0.00501346,1,2,0.016134
0.519004,1.51072,0.00742895,0.00369154,1,2,0.0111205
1.07588,0.793586,0.00332473,0.00410422,1,2,0.00742895
1.04892,0.815828,0.0272045,0.0323814,1,2,0.059586
1.03267,0.829636,0.0275351,0.0320509,1,2,0.059586
1.03473,0.827864,0.0274928,0.0320932,1,2,0.059586
0.525483,0.690051,0.0186669,0.00882587,1,2,0.0274928
1.47031,0.539474,0.006356,0.0123109,1,2,0.0186669
0.579652,1.39532,0.00408411,0.00227189,1,2,0.006356
0.507425,0.697382,0.00846701,0.00384392,1,2,0.0123109
1.11911,0.75955,0.00367079,0.00479622,1,2,0.00846701
0.542696,0.683116,0.00321698,0.00157924,1,2,0.00479622
0.588301,1.3799,0.0380689,0.0215171,1,2,0.059586
1.28867,0.64246,0.014625,0.0234439,1,2,0.0380689
1.06033,0.806319,0.0269754,0.0326105,1,2,0.059586
0.821765,0.577476,0.0330133,0.0265727,1,2,0.059586
0.654941,1.26889,0.036378,0.023208,1,2,0.059586
0.959991,0.895382,0.011323,0.011885,1,2,0.023208
0.632451,1.30486,0.00736981,0.00451519,1,2,0.011885
1.09662,0.777011,0.00199006,0.00252513,1,2,0.00451519
1.13422,0.748097,0.0265678,0.0353928,1,2,0.0619606
1.23417,0.677536,0.010603,0.0159648,1,2,0.0265678
0.31139,0.780642,0.0126582,0.00330656,1,2,0.0159648
0.568576,0.672783,0.00833644,0.00432176,1,2,0.0126582
1.04698,0.817461,0.00381156,0.00452487,1,2,0.00833644
0.873132,0.983752,0.00235616,0.00216871,1,2,0.00452487
1.1549,0.732772,0.0149496,0.0204433,1,2,0.0353928
1.38794,0.583774,0.0222556,0.0397051,1,2,0.0619606
0.904749,0.548404,0.0325265,0.0294341,1,2,0.0619606
0.544592,0.682355,0.0217873,0.0107392,1,2,0.0325265
0.86133,0.996692,0.0114455,0.0103418,1,2,0.0217873
0.592373,1.37272,0.0394788,0.0224818,1,2,0.0619606
1.29085,0.641098,0.0151437,0.0243351,1,2,0.0394788
0.526384,1.49597,0.0100702,0.00507356,1,2,0.0151437
0.55427,0.678481,0.00669931,0.00337088,1,2,0.0100702
0.975642,0.880639,0.00323044,0.00346887,1,2,0.00669931
1.38584,0.584952,0.0222865,0.0396741,1,2,0.0619606
0.483333,0.70725,0.0433548,0.0186058,1,2,0.0619606
0.589503,1.37777,0.0395544,0.0224063,1,2,0.0619606
0.30067,0.785393,0.0316106,0.00794379,1,2,0.0395544
0.608642,1.34457,0.0199222,0.0116884,1,2,0.0316106
0.871327,0.985715,0.0103877,0.00953443,1,2,0.0199222
0.941286,0.913449,0.0306569,0.0313037,1,2,0.0619606
1.85885,0.369092,0.00855839,0.0227453,1,2,0.0313037
0.459013,1.6385,0.0429066,0.019054,1,2,0.0619606
0.545398,0.682032,0.0127557,0.0062983,1,2,0.019054
0.652691,1.27242,0.0378871,0.0240735,1,2,0.0619606
1.43365,0.558743,0.0215992,0.0403614,1,2,0.0619606
1.82023,0.383817,0.0112495,0.0291119,1,2,0.0403614
0.629147,1.31027,0.00699156,0.00425791,1,2,0.0112495
0.810853,0.581376,0.0162458,0.0128661,1,2,0.0291119
1.28804,0.642852,0.0238139,0.0381467,1,2,0.0619606
0.613063,1.33707,0.0389333,0.0230274,1,2,0.0619606
0.585916,0.665923,0.02533,0.0136033,1,2,0.0389333
1.1281,0.752709,0.0109097,0.0144203,1,2,0.02533
1.9002,0.353745,0.00364551,0.00995779,1,2,0.0136033
0.808763,1.05738,0.0054399,0.00451789,1,2,0.00995779
0.767955,0.596881,0.0132223,0.00980502,1,2,0.0230274
0.794531,1.07471,0.00729977,0.00592258,1,2,0.0132223
0.278934,0.795091,0.0503175,0.0116432,1,2,0.0619606
0.54934,1.45137,0.0329762,0.0173412,1,2,0.0503175
1.35256,0.603974,0.0121278,0.0208484,1,2,0.0329762
1.51444,0.51716,0.00401665,0.00811118,1,2,0.0121278
0.735082,0.608956,0.00476158,0.0033496,1,2,0.00811118
0.616467,0.653959,0.0394594,0.0225012,1,2,0.0619606
0.874807,0.981934,0.0205213,0.0189381,1,2,0.0394594
1.69295,0.43536,0.0184765,0.0434841,1,2,0.0619606
0.82392,1.03935,0.00998074,0.00849579,1,2,0.0184765
0.905462,0.548159,0.0228167,0.0206673,1,2,0.0434841
1.41842,0.566953,0.021814,0.0401466,1,2,0.0619606
0.848533,1.011,0.00142636,0.00126299,1,2,0.00268935
0.898409,0.956821,0.0316587,0.030302,1,2,0.0619606
1.64918,0.45429,0.00967617,0.0219825,1,2,0.0316587
0.459251,0.717214,0.0215727,0.00872923,1,2,0.030302
0.913045,0.9417,0.00441151,0.00431772,1,2,0.00872923
0.0656418,0.894878,0.0589849,0.00297572,1,2,0.0619606
0.227615,0.818331,0.0522668,0.00969382,1,2,0.0619606
0.652033,0.640225,0.0324746,0.0197922,1,2,0.0522668
1.23316,0.67821,0.0129697,0.0195049,1,2,0.0324746
0.629839,0.648771,0.0081832,0.00478646,1,2,0.0129697
1.64557,0.45588,0.00296894,0.00672488,1,2,0.00969382
0.605378,0.658284,0.0397659,0.0221947,1,2,0.0619606
0.433163,0.728122,0.0288483,0.0109176,1,2,0.0397659
0.726802,1.16311,0.0167352,0.0121131,1,2,0.0288483
0.99388,0.863877,0.00796046,0.00877478,1,2,0.0167352
0.295109,2.0688,0.00910034,0.00301272,1,2,0.0121131
0.598892,1.36134,0.00577314,0.0033272,1,2,0.00910034
0.706041,1.19231,0.00642877,0.00448885,1,2,0.0109176
0.873858,0.982963,0.00334573,0.00308304,1,2,0.00642877
0.885365,0.970586,0.0114517,0.010743,1,2,0.0221947
0.432566,0.728374,0.0449689,0.0169917,1,2,0.0619606
0.740385,1.14456,0.0258315,0.0191375,1,2,0.0449689
0.925158,0.929436,0.0129365,0.012895,1,2,0.0258315
1.16339,0.726599,0.00543077,0.00750569,1,2,0.0129365
0.10759,2.7173,0.0491423,0.0128183,1,2,0.0619606
0.443728,0.723691,0.0353793,0.0137629,1,2,0.0491423
1.14825,0.737659,0.0150161,0.0203632,1,2,0.0353793
1.47502,0.537047,0.00691288,0.0134503,1,2,0.0203632
2.65431,0.0983888,0.00348455,0.00996577,1,2,0.0134503
0.747126,1.13551,0.00786716,0.00589578,1,2,0.0137629
0.38646,0.747952,0.00590406,0.00196311,1,2,0.00786716
0.311277,0.780692,0.0491317,0.012829,1,2,0.0619606
1.79211,0.394793,0.0138924,0.0352392,1,2,0.0491317
0.571806,1.40953,0.0227605,0.0124788,1,2,0.0352392
1.75073,0.411352,0.0179048,0.0440559,1,2,0.0619606
0.755767,1.12407,0.0351954,0.0267652,1,2,0.0619606
0.413538,1.74537,0.0249958,0.0101996,1,2,0.0351954
1.44308,0.553721,0.00866052,0.0163352,1,2,0.0249958
0.775448,0.594153,0.00494803,0.00371249,1,2,0.00866052
0.653728,1.27079,0.0163543,0.0104109,1,2,0.0267652
0.275538,2.12887,0.046914,0.0150466,1,2,0.0619606
1.07322,0.795748,0.0277843,0.0341763,1,2,0.0619606
0.618737,1.32753,0.0173912,0.010393,1,2,0.0277843
0.679967,0.629584,0.0377643,0.0241963,1,2,0.0619606
1.32254,0.621726,0.00908174,0.0151146,1,2,0.0241963
1.78994,0.395648,0.0175396,0.044421,1,2,0.0619606
0.529904,1.48901,0.0116376,0.00590198,1,2,0.0175396
0.833566,1.02811,0.00624152,0.00539611,1,2,0.0116376
1.52687,0.511039,0.0145994,0.0298216,1,2,0.044421
0.869037,0.988215,0.0323627,0.0295979,1,2,0.0619606
0.456186,1.64488,0.022447,0.0099157,1,2,0.0323627
1.20091,0.70007,0.00917264,0.0132743,1,2,0.022447
0.897937,0.957314,0.0316699,0.0302908,1,2,0.0619606
1.34472,0.608557,0.0117092,0.0199607,1,2,0.0316699
0.946234,0.908622,0.0305434,0.0314172,1,2,0.0619606
0.624654,1.31768,0.0386273,0.0233334,1,2,0.0619606
0.889045,0.966675,0.0198755,0.0187518,1,2,0.0386273
0.937953,0.916722,0.0115738,0.0117596,1,2,0.0233334
0.817126,1.04738,0.0336395,0.0283211,1,2,0.0619606
0.540349,1.46861,0.0186675,0.00965359,1,2,0.0283211
0.839133,1.0217,0.00997038,0.00869714,1,2,0.0186675
1.0501,0.814837,0.00454808,0.0054223,1,2,0.00997038
0.879056,0.977345,0.032121,0.0298397,1,2,0.0619606
0.934444,0.920184,0.0308146,0.031146,1,2,0.0619606
0.78886,0.58929,0.0174487,0.013366,1,2,0.0308146
0.99127,0.866248,0.0295304,0.0324302,1,2,0.0619606
0.717359,1.17626,0.0189417,0.0134885,1,2,0.0324302
0.637039,1.2974,0.0117086,0.00723313,1,2,0.0189417
0.660395,1.26038,0.0376839,0.0242767,1,2,0.0619606
1.22127,0.686169,0.0151774,0.0225066,1,2,0.0376839
0.589704,0.664431,0.0146039,0.00790267,1,2,0.0225066
1.06654,0.801198,0.0109399,0.0133367,1,2,0.0242767
0.518889,1.51095,0.00730887,0.00363108,1,2,0.0109399
1.51105,0.518841,0.0205641,0.0413965,1,2,0.0619606
0.535051,0.68619,0.013868,0.00669615,1,2,0.0205641
0.955396,0.899775,0.00678941,0.00707857,1,2,0.013868
0.82396,0.576694,0.0342793,0.0276813,1,2,0.0619606
0.854519,1.00427,0.0180998,0.0161796,1,2,0.0342793
1.4426,0.553973,0.0214747,0.040486,1,2,0.0619606
1.20824,0.695023,0.0251871,0.0367735,1,2,0.0619606
0.802772,0.584275,0.0347624,0.0271982,1,2,0.0619606
0.770539,0.595939,0.0155903,0.011608,1,2,0.0271982
0.915574,0.93912,0.00786397,0.00772632,1,2,0.0155903
0.616783,1.3308,0.00484263,0.00288369,1,2,0.00772632
2.04687,0.229789,0.0185439,0.0434167,1,2,0.0619606
1.0025,0.856108,0.00876419,0.00977972,1,2,0.0185439
0.16374,0.847935,0.0384075,0.00500918,1,2,0.0434167
0.64886,1.27847,0.0235477,0.0148598,1,2,0.0384075
0.973088,0.883023,0.0299349,0.0320257,1,2,0.0619606
